xof 0303txt 0032

// DirectX 9.0 file
// Creator: Ultimate Unwrap3D Pro v3.26
// Website: http://www.unwrap3d.com
// Time: Tue May 31 19:56:53 2011

// Start of Templates

template VertexDuplicationIndices {
 <b8d65549-d7c9-4995-89cf-53a9a8b031e3>
 DWORD nIndices;
 DWORD nOriginalVertices;
 array DWORD indices[nIndices];
}

template FVFData {
 <b6e70a0e-8ef9-4e83-94ad-ecc8b0c04897>
 DWORD dwFVF;
 DWORD nDWords;
 array DWORD data[nDWords];
}

template Header {
 <3D82AB43-62DA-11cf-AB39-0020AF71E433>
 WORD major;
 WORD minor;
 DWORD flags;
}

template Vector {
 <3D82AB5E-62DA-11cf-AB39-0020AF71E433>
 FLOAT x;
 FLOAT y;
 FLOAT z;
}

template Coords2d {
 <F6F23F44-7686-11cf-8F52-0040333594A3>
 FLOAT u;
 FLOAT v;
}

template Matrix4x4 {
 <F6F23F45-7686-11cf-8F52-0040333594A3>
 array FLOAT matrix[16];
}

template ColorRGBA {
 <35FF44E0-6C7C-11cf-8F52-0040333594A3>
 FLOAT red;
 FLOAT green;
 FLOAT blue;
 FLOAT alpha;
}

template ColorRGB {
 <D3E16E81-7835-11cf-8F52-0040333594A3>
 FLOAT red;
 FLOAT green;
 FLOAT blue;
}

template IndexedColor {
 <1630B820-7842-11cf-8F52-0040333594A3>
 DWORD index;
 ColorRGBA indexColor;
}

template Material {
 <3D82AB4D-62DA-11cf-AB39-0020AF71E433>
 ColorRGBA faceColor;
 FLOAT power;
 ColorRGB specularColor;
 ColorRGB emissiveColor;
 [...]
}

template TextureFilename {
 <A42790E1-7810-11cf-8F52-0040333594A3>
 STRING filename;
}

template MeshFace {
 <3D82AB5F-62DA-11cf-AB39-0020AF71E433>
 DWORD nFaceVertexIndices;
 array DWORD faceVertexIndices[nFaceVertexIndices];
}

template MeshTextureCoords {
 <F6F23F40-7686-11cf-8F52-0040333594A3>
 DWORD nTextureCoords;
 array Coords2d textureCoords[nTextureCoords];
}

template MeshMaterialList {
 <F6F23F42-7686-11cf-8F52-0040333594A3>
 DWORD nMaterials;
 DWORD nFaceIndexes;
 array DWORD faceIndexes[nFaceIndexes];
 [Material]
}

template MeshNormals {
 <F6F23F43-7686-11cf-8F52-0040333594A3>
 DWORD nNormals;
 array Vector normals[nNormals];
 DWORD nFaceNormals;
 array MeshFace faceNormals[nFaceNormals];
}

template MeshVertexColors {
 <1630B821-7842-11cf-8F52-0040333594A3>
 DWORD nVertexColors;
 array IndexedColor vertexColors[nVertexColors];
}

template Mesh {
 <3D82AB44-62DA-11cf-AB39-0020AF71E433>
 DWORD nVertices;
 array Vector vertices[nVertices];
 DWORD nFaces;
 array MeshFace faces[nFaces];
 [...]
}

template FrameTransformMatrix {
 <F6F23F41-7686-11cf-8F52-0040333594A3>
 Matrix4x4 frameMatrix;
}

template Frame {
 <3D82AB46-62DA-11cf-AB39-0020AF71E433>
 [...]
}

template FloatKeys {
 <10DD46A9-775B-11cf-8F52-0040333594A3>
 DWORD nValues;
 array FLOAT values[nValues];
}

template TimedFloatKeys {
 <F406B180-7B3B-11cf-8F52-0040333594A3>
 DWORD time;
 FloatKeys tfkeys;
}

template AnimationKey {
 <10DD46A8-775B-11cf-8F52-0040333594A3>
 DWORD keyType;
 DWORD nKeys;
 array TimedFloatKeys keys[nKeys];
}

template AnimationOptions {
 <E2BF56C0-840F-11cf-8F52-0040333594A3>
 DWORD openclosed;
 DWORD positionquality;
}

template Animation {
 <3D82AB4F-62DA-11cf-AB39-0020AF71E433>
 [...]
}

template AnimationSet {
 <3D82AB50-62DA-11cf-AB39-0020AF71E433>
 [Animation]
}

template XSkinMeshHeader {
 <3CF169CE-FF7C-44ab-93C0-F78F62D172E2>
 WORD nMaxSkinWeightsPerVertex;
 WORD nMaxSkinWeightsPerFace;
 WORD nBones;
}

template SkinWeights {
 <6F0D123B-BAD2-4167-A0D0-80224F25FABB>
 STRING transformNodeName;
 DWORD nWeights;
 array DWORD vertexIndices[nWeights];
 array FLOAT weights[nWeights];
 Matrix4x4 matrixOffset;
}

template AnimTicksPerSecond {
 <9E415A43-7BA6-4a73-8743-B73D47E88476>
 DWORD AnimTicksPerSecond;
}

AnimTicksPerSecond {
 30;
}

// Start of Frames

   Frame Scene_Root {
      FrameTransformMatrix {
       1.000000, 0.000000, 0.000000, 0.000000,
       0.000000, 1.000000, 0.000000, 0.000000,
       0.000000, 0.000000, 1.000000, 0.000000,
       0.000000, 0.000000, 0.000000, 1.000000;;
      }

      Frame MapRoot {
         FrameTransformMatrix {
          1.000000, 0.000000, 0.000000, 0.000000,
          0.000000, 1.000000, 0.000000, 0.000000,
          0.000000, 0.000000, 1.000000, 0.000000,
          0.000000, 0.000000, 0.000000, 1.000000;;
         }

         Frame MapRoot_Scene_Root {
            FrameTransformMatrix {
             1.000000, 0.000000, 0.000000, 0.000000,
             0.000000, 1.000000, 0.000000, 0.000000,
             0.000000, 0.000000, 1.000000, 0.000000,
             0.452213, 0.658493, 4.523119, 1.000000;;
            }

            Frame MapRoot_Quadruped_Skeleton {
               FrameTransformMatrix {
                1.000000, 0.000000, 0.000000, 0.000000,
                0.000000, 1.000000, 0.000000, 0.000000,
                0.000000, 0.000000, 1.000000, 0.000000,
                0.000000, 0.000000, 0.000000, 1.000000;;
               }

               Frame MapRoot_Quadruped_Skeleton_GlobalSRT {
                  FrameTransformMatrix {
                   1.000000, 0.000000, 0.000000, 0.000000,
                   0.000000, 1.000000, 0.000000, 0.000000,
                   0.000000, 0.000000, 1.000000, 0.000000,
                   0.000000, 0.000000, 0.000000, 1.000000;;
                  }

                  Frame MapRoot_Quadruped_Skeleton_UpperBody {
                     FrameTransformMatrix {
                      0.989147, 0.125963, 0.075639, 0.000000,
                      -0.125931, 0.992025, -0.005218, 0.000000,
                      -0.075693, -0.004364, 0.997122, 0.000000,
                      1.267824, 131.827362, -73.863312, 1.000000;;
                     }

                     Frame MapRoot_Quadruped_Skeleton_SpineRoot {
                        FrameTransformMatrix {
                         0.000001, 0.000000, -1.000000, 0.000000,
                         0.000000, 1.000000, 0.000000, 0.000000,
                         1.000000, 0.000000, 0.000001, 0.000000,
                         0.000000, 7.695776, 4.951232, 1.000000;;
                        }

                        Frame MapRoot_Quadruped_Skeleton_Spine1 {
                           FrameTransformMatrix {
                            -0.978990, -0.203323, 0.015407, 0.000000,
                            0.202243, -0.977861, -0.053714, 0.000000,
                            0.025987, -0.049469, 0.998438, 0.000000,
                            0.000000, 0.000000, 0.000000, 1.000000;;
                           }

                           Frame MapRoot_Quadruped_Skeleton_Spine2 {
                              FrameTransformMatrix {
                               0.999784, -0.003756, 0.020425, 0.000000,
                               0.004179, 0.999777, -0.020709, 0.000000,
                               -0.020343, 0.020790, 0.999577, 0.000000,
                               31.144913, 0.000000, 0.000000, 1.000000;;
                              }

                              Frame MapRoot_Quadruped_Skeleton_Spine3 {
                                 FrameTransformMatrix {
                                  0.999869, -0.010041, 0.012696, 0.000000,
                                  0.010345, 0.999654, -0.024165, 0.000000,
                                  -0.012449, 0.024294, 0.999627, 0.000000,
                                  31.145023, 0.000000, 0.000000, 1.000000;;
                                 }

                                 Frame MapRoot_Quadruped_Skeleton_Chest {
                                    FrameTransformMatrix {
                                     0.999805, -0.018154, 0.007793, 0.000000,
                                     0.018341, 0.999526, -0.024710, 0.000000,
                                     -0.007341, 0.024848, 0.999664, 0.000000,
                                     31.145136, 0.000000, 0.000000, 1.000000;;
                                    }

                                    Frame MapRoot_Quadruped_Skeleton_ChestEffector {
                                       FrameTransformMatrix {
                                        1.000000, 0.000000, 0.000000, 0.000000,
                                        0.000000, 1.000000, 0.000000, 0.000000,
                                        0.000000, 0.000000, 1.000000, 0.000000,
                                        31.144833, 0.000000, 0.000000, 1.000000;;
                                       }

                                       Frame MapRoot_Quadruped_Skeleton_RShoulderRoot {
                                          FrameTransformMatrix {
                                           0.000001, -0.000000, 1.000000, 0.000000,
                                           -0.969671, 0.244415, 0.000001, 0.000000,
                                           -0.244415, -0.969671, 0.000000, 0.000000,
                                           13.752656, 8.277792, -16.417501, 1.000000;;
                                          }

                                          Frame MapRoot_Quadruped_Skeleton_RShoulder {
                                             FrameTransformMatrix {
                                              0.003522, 0.679489, -0.733676, 0.000000,
                                              0.999987, 0.000280, 0.005059, 0.000000,
                                              0.003643, -0.733685, -0.679480, 0.000000,
                                              0.000000, 0.000000, 0.000000, 1.000000;;
                                             }

                                             Frame MapRoot_Quadruped_Skeleton_eff {
                                                FrameTransformMatrix {
                                                 1.000000, 0.000000, 0.000000, 0.000000,
                                                 0.000000, 1.000000, 0.000000, 0.000000,
                                                 0.000000, 0.000000, 1.000000, 0.000000,
                                                 23.420416, 0.000000, 0.000000, 1.000000;;
                                                }

                                                Frame MapRoot_Quadruped_Skeleton_RRoot {
                                                   FrameTransformMatrix {
                                                    0.000000, 1.000000, 0.000000, 0.000000,
                                                    -0.752647, 0.000000, -0.658424, 0.000000,
                                                    -0.658424, 0.000000, 0.752647, 0.000000,
                                                    0.000000, 0.000000, 0.000000, 1.000000;;
                                                   }

                                                   Frame MapRoot_Quadruped_Skeleton_RThigh {
                                                      FrameTransformMatrix {
                                                       -0.009257, -0.982100, -0.188125, 0.000000,
                                                       0.000019, 0.188134, -0.982144, 0.000000,
                                                       0.999957, -0.009095, -0.001723, 0.000000,
                                                       0.000000, 0.000000, 0.000000, 1.000000;;
                                                      }

                                                      Frame MapRoot_Quadruped_Skeleton_RShin {
                                                         FrameTransformMatrix {
                                                          0.999815, 0.019169, -0.001555, 0.000000,
                                                          -0.001726, 0.008874, -0.999960, 0.000000,
                                                          -0.019154, 0.999777, 0.008905, 0.000000,
                                                          39.380943, 0.000000, 0.000000, 1.000000;;
                                                         }

                                                         Frame MapRoot_Quadruped_Skeleton_eff7 {
                                                            FrameTransformMatrix {
                                                             1.000000, 0.000000, 0.000000, 0.000000,
                                                             0.000000, 1.000000, 0.000000, 0.000000,
                                                             0.000000, 0.000000, 1.000000, 0.000000,
                                                             27.379215, 0.000000, 0.000000, 1.000000;;
                                                            }

                                                            Frame MapRoot_Quadruped_Skeleton_RFootRoot {
                                                               FrameTransformMatrix {
                                                                0.098520, 0.000122, -0.995135, 0.000000,
                                                                -0.995135, 0.000007, -0.098520, 0.000000,
                                                                -0.000005, 1.000000, 0.000122, 0.000000,
                                                                0.000000, 0.000000, 0.000000, 1.000000;;
                                                               }

                                                               Frame MapRoot_Quadruped_Skeleton_RFootBone1 {
                                                                  FrameTransformMatrix {
                                                                   0.671860, -0.740664, 0.004593, 0.000000,
                                                                   0.740672, 0.671867, 0.000031, 0.000000,
                                                                   -0.003109, 0.003381, 0.999989, 0.000000,
                                                                   0.000000, 0.000000, 0.000000, 1.000000;;
                                                                  }

                                                                  Frame MapRoot_Quadruped_Skeleton_RFootBone2 {
                                                                     FrameTransformMatrix {
                                                                      0.995718, 0.092435, 0.001343, 0.000000,
                                                                      -0.092435, 0.995719, -0.000000, 0.000000,
                                                                      -0.001338, -0.000124, 0.999999, 0.000000,
                                                                      6.568992, 0.000000, 0.000000, 1.000000;;
                                                                     }

                                                                     Frame MapRoot_Quadruped_Skeleton_RFootBone3 {
                                                                        FrameTransformMatrix {
                                                                         0.916213, 0.397407, -0.051174, 0.000000,
                                                                         0.398467, -0.917104, 0.012056, 0.000000,
                                                                         -0.042141, -0.031437, -0.998617, 0.000000,
                                                                         6.276432, 0.000000, 0.000000, 1.000000;;
                                                                        }

                                                                     }
                                                                  }
                                                               }
                                                            }
                                                         }
                                                      }
                                                   }
                                                }
                                             }
                                          }
                                       }
                                       Frame MapRoot_Quadruped_Skeleton_LShoulderRoot {
                                          FrameTransformMatrix {
                                           0.000001, -0.000000, 1.000000, 0.000000,
                                           -0.969671, 0.244415, 0.000001, 0.000000,
                                           -0.244415, -0.969671, 0.000000, 0.000000,
                                           13.752656, 8.277792, 16.417501, 1.000000;;
                                          }

                                          Frame MapRoot_Quadruped_Skeleton_LShoulder {
                                             FrameTransformMatrix {
                                              0.020188, 0.403037, -0.914962, 0.000000,
                                              -0.999795, 0.009674, -0.017798, 0.000000,
                                              0.001678, 0.915132, 0.403149, 0.000000,
                                              0.000000, 0.000000, 0.000000, 1.000000;;
                                             }

                                             Frame MapRoot_Quadruped_Skeleton_eff1 {
                                                FrameTransformMatrix {
                                                 1.000000, 0.000000, 0.000000, 0.000000,
                                                 0.000000, 1.000000, 0.000000, 0.000000,
                                                 0.000000, 0.000000, 1.000000, 0.000000,
                                                 23.420416, 0.000000, 0.000000, 1.000000;;
                                                }

                                                Frame MapRoot_Quadruped_Skeleton_LRoot {
                                                   FrameTransformMatrix {
                                                    -0.000000, -1.000000, 0.000000, 0.000000,
                                                    -0.752647, -0.000000, 0.658424, 0.000000,
                                                    -0.658424, 0.000000, -0.752647, 0.000000,
                                                    0.000000, 0.000000, 0.000000, 1.000000;;
                                                   }

                                                   Frame MapRoot_Quadruped_Skeleton_LThigh {
                                                      FrameTransformMatrix {
                                                       -0.027768, -0.973577, -0.226666, 0.000000,
                                                       -0.000005, 0.226754, -0.973951, 0.000000,
                                                       0.999614, -0.027043, -0.006301, 0.000000,
                                                       0.000000, 0.000000, 0.000000, 1.000000;;
                                                      }

                                                      Frame MapRoot_Quadruped_Skeleton_LShin {
                                                         FrameTransformMatrix {
                                                          0.627158, 0.778887, -0.002937, 0.000000,
                                                          0.000254, 0.003566, 0.999994, 0.000000,
                                                          0.778892, -0.627154, 0.002039, 0.000000,
                                                          39.380943, 0.000000, 0.000000, 1.000000;;
                                                         }

                                                         Frame MapRoot_Quadruped_Skeleton_eff6 {
                                                            FrameTransformMatrix {
                                                             1.000000, 0.000000, 0.000000, 0.000000,
                                                             0.000000, 1.000000, 0.000000, 0.000000,
                                                             0.000000, 0.000000, 1.000000, 0.000000,
                                                             27.379215, 0.000000, 0.000000, 1.000000;;
                                                            }

                                                            Frame MapRoot_Quadruped_Skeleton_LFootRoot {
                                                               FrameTransformMatrix {
                                                                0.098520, -0.000122, -0.995135, 0.000000,
                                                                -0.995135, -0.000006, -0.098520, 0.000000,
                                                                0.000006, 1.000000, -0.000122, 0.000000,
                                                                0.000000, 0.000000, 0.000000, 1.000000;;
                                                               }

                                                               Frame MapRoot_Quadruped_Skeleton_LFootBone1 {
                                                                  FrameTransformMatrix {
                                                                   0.600993, -0.799229, -0.006605, 0.000000,
                                                                   0.799244, 0.601005, -0.000023, 0.000000,
                                                                   0.003988, -0.005266, 0.999978, 0.000000,
                                                                   0.000000, 0.000000, 0.000000, 1.000000;;
                                                                  }

                                                                  Frame MapRoot_Quadruped_Skeleton_LFootBone2 {
                                                                     FrameTransformMatrix {
                                                                      0.999932, -0.011598, -0.000976, 0.000000,
                                                                      0.011598, 0.999933, -0.000006, 0.000000,
                                                                      0.000976, -0.000006, 1.000000, 0.000000,
                                                                      6.568992, 0.000000, 0.000000, 1.000000;;
                                                                     }

                                                                     Frame MapRoot_Quadruped_Skeleton_LFootBone3 {
                                                                        FrameTransformMatrix {
                                                                         0.897768, -0.436746, -0.057135, 0.000000,
                                                                         0.437607, 0.899162, 0.002866, 0.000000,
                                                                         0.050122, -0.027576, 0.998362, 0.000000,
                                                                         6.276432, 0.000000, 0.000000, 1.000000;;
                                                                        }

                                                                     }
                                                                  }
                                                               }
                                                            }
                                                         }
                                                      }
                                                   }
                                                }
                                             }
                                          }
                                       }
                                       Frame MapRoot_Quadruped_Skeleton_SpineRoot1 {
                                          FrameTransformMatrix {
                                           -0.969686, 0.244355, 0.000000, 0.000000,
                                           -0.244355, -0.969686, 0.000000, 0.000000,
                                           0.000000, 0.000000, 1.000000, 0.000000,
                                           -0.006000, 0.000000, 0.000000, 1.000000;;
                                          }

                                          Frame MapRoot_Quadruped_Skeleton_Spine4 {
                                             FrameTransformMatrix {
                                              -0.812748, 0.582577, -0.006686, 0.000000,
                                              -0.582533, -0.812387, 0.026186, 0.000000,
                                              0.009824, 0.025177, 0.999635, 0.000000,
                                              0.000000, 0.000000, 0.000000, 1.000000;;
                                             }

                                             Frame MapRoot_Quadruped_Skeleton_Spine5 {
                                                FrameTransformMatrix {
                                                 0.999512, 0.031248, 0.000000, 0.000000,
                                                 -0.031248, 0.999512, 0.000000, 0.000000,
                                                 0.000000, 0.000000, 1.000000, 0.000000,
                                                 18.111792, 0.000000, 0.000000, 1.000000;;
                                                }

                                                Frame MapRoot_Quadruped_Skeleton_Spine6 {
                                                   FrameTransformMatrix {
                                                    0.996798, 0.079958, 0.000000, 0.000000,
                                                    -0.079958, 0.996798, 0.000000, 0.000000,
                                                    0.000000, 0.000000, 1.000000, 0.000000,
                                                    18.110737, 0.000000, 0.000000, 1.000000;;
                                                   }

                                                   Frame MapRoot_Quadruped_Skeleton_Chest1 {
                                                      FrameTransformMatrix {
                                                       0.897634, 0.440742, -0.000146, 0.000000,
                                                       -0.440742, 0.897634, -0.000091, 0.000000,
                                                       0.000091, 0.000146, 1.000000, 0.000000,
                                                       18.097904, 0.000000, 0.000000, 1.000000;;
                                                      }

                                                   }
                                                }
                                             }
                                          }
                                       }
                                    }
                                 }
                              }
                           }
                        }
                     }
                     Frame MapRoot_Quadruped_Skeleton_BLLegRoot {
                        FrameTransformMatrix {
                         1.000000, 0.000000, 0.000000, 0.000000,
                         0.000000, 1.000000, 0.000000, 0.000000,
                         0.000000, 0.000000, 1.000000, 0.000000,
                         20.840576, -11.543664, -7.426864, 1.000000;;
                        }

                        Frame MapRoot_Quadruped_Skeleton_BLFemur {
                           FrameTransformMatrix {
                            -0.128346, -0.927980, 0.349828, 0.000000,
                            0.990573, -0.136995, 0.000021, 0.000000,
                            0.047905, 0.346532, 0.936814, 0.000000,
                            0.000000, 0.000000, 0.000000, 1.000000;;
                           }

                           Frame MapRoot_Quadruped_Skeleton_BLTibia {
                              FrameTransformMatrix {
                               0.996245, 0.004929, -0.086441, 0.000000,
                               -0.009337, 0.998673, -0.050655, 0.000000,
                               0.086077, 0.051272, 0.994968, 0.000000,
                               37.346001, 0.000000, 0.000000, 1.000000;;
                              }

                              Frame MapRoot_Quadruped_Skeleton_BLMetarsal {
                                 FrameTransformMatrix {
                                  0.981546, -0.020739, 0.190097, 0.000000,
                                  0.190196, 0.002865, -0.981742, 0.000000,
                                  0.019816, 0.999781, 0.006757, 0.000000,
                                  38.022320, 0.000000, 0.000000, 1.000000;;
                                 }

                                 Frame MapRoot_Quadruped_Skeleton_eff2 {
                                    FrameTransformMatrix {
                                     1.000000, 0.000000, 0.000000, 0.000000,
                                     0.000000, 1.000000, 0.000000, 0.000000,
                                     0.000000, 0.000000, 1.000000, 0.000000,
                                     31.183424, 0.000000, 0.000000, 1.000000;;
                                    }

                                    Frame MapRoot_Quadruped_Skeleton_BLFootRoot {
                                       FrameTransformMatrix {
                                        0.001572, -0.012469, 0.999921, 0.000000,
                                        -0.999758, 0.021937, 0.001845, 0.000000,
                                        -0.021958, -0.999683, -0.012431, 0.000000,
                                        0.000000, 0.000000, 0.000000, 1.000000;;
                                       }

                                       Frame MapRoot_Quadruped_Skeleton_BLFootBone1 {
                                          FrameTransformMatrix {
                                           0.038716, -0.888927, -0.456411, 0.000000,
                                           0.999054, 0.043497, 0.000030, 0.000000,
                                           0.019826, -0.455980, 0.889769, 0.000000,
                                           0.000000, 0.000000, 0.000000, 1.000000;;
                                          }

                                          Frame MapRoot_Quadruped_Skeleton_BLFootBone2 {
                                             FrameTransformMatrix {
                                              0.930489, 0.010298, 0.366175, 0.000000,
                                              -0.011049, 0.999939, -0.000046, 0.000000,
                                              -0.366153, -0.004003, 0.930546, 0.000000,
                                              5.364464, 0.000000, 0.000000, 1.000000;;
                                             }

                                             Frame MapRoot_Quadruped_Skeleton_BLFootBone3 {
                                                FrameTransformMatrix {
                                                 0.878627, -0.031475, 0.476471, 0.000000,
                                                 0.475624, -0.030903, -0.879106, 0.000000,
                                                 0.042394, 0.999027, -0.012182, 0.000000,
                                                 5.988464, 0.000000, 0.000000, 1.000000;;
                                                }

                                             }
                                          }
                                       }
                                    }
                                 }
                              }
                           }
                        }
                     }
                     Frame MapRoot_Quadruped_Skeleton_BRLegRoot {
                        FrameTransformMatrix {
                         1.000000, 0.000000, 0.000000, 0.000000,
                         0.000000, 1.000000, 0.000000, 0.000000,
                         0.000000, 0.000000, 1.000000, 0.000000,
                         -20.840576, -11.543664, -7.426864, 1.000000;;
                        }

                        Frame MapRoot_Quadruped_Skeleton_BRFemur {
                           FrameTransformMatrix {
                            -0.172747, -0.945954, 0.274465, 0.000000,
                            0.983732, -0.179644, 0.000006, 0.000000,
                            0.049300, 0.270000, 0.961596, 0.000000,
                            0.000000, 0.000000, 0.000000, 1.000000;;
                           }

                           Frame MapRoot_Quadruped_Skeleton_BRTibia {
                              FrameTransformMatrix {
                               0.542952, -0.002788, -0.839759, 0.000000,
                               0.021227, 0.999721, 0.010405, 0.000000,
                               0.839495, -0.023475, 0.542859, 0.000000,
                               37.346001, 0.000000, 0.000001, 1.000000;;
                              }

                              Frame MapRoot_Quadruped_Skeleton_BRMetarsal {
                                 FrameTransformMatrix {
                                  0.880634, 0.039666, 0.472134, 0.000000,
                                  0.473700, -0.053493, -0.879061, 0.000000,
                                  -0.009613, 0.997779, -0.065897, 0.000000,
                                  38.022324, 0.000000, -0.000001, 1.000000;;
                                 }

                                 Frame MapRoot_Quadruped_Skeleton_eff4 {
                                    FrameTransformMatrix {
                                     1.000000, 0.000000, 0.000000, 0.000000,
                                     0.000000, 1.000000, 0.000000, 0.000000,
                                     0.000000, 0.000000, 1.000000, 0.000000,
                                     31.183424, 0.000000, 0.000000, 1.000000;;
                                    }

                                    Frame MapRoot_Quadruped_Skeleton_BRFootRoot {
                                       FrameTransformMatrix {
                                        0.001572, -0.012469, -0.999921, 0.000000,
                                        -0.999758, 0.021937, -0.001845, 0.000000,
                                        0.021958, 0.999683, -0.012431, 0.000000,
                                        0.000000, 0.000000, 0.000000, 1.000000;;
                                       }

                                       Frame MapRoot_Quadruped_Skeleton_BRFootBone1 {
                                          FrameTransformMatrix {
                                           -0.028650, -0.839355, -0.542828, 0.000000,
                                           0.999419, -0.034096, -0.000027, 0.000000,
                                           -0.018485, -0.542513, 0.839844, 0.000000,
                                           0.000000, 0.000000, 0.000000, 1.000000;;
                                          }

                                          Frame MapRoot_Quadruped_Skeleton_BRFootBone2 {
                                             FrameTransformMatrix {
                                              0.993590, -0.005228, -0.112923, 0.000000,
                                              0.005255, 0.999986, -0.000053, 0.000000,
                                              0.112922, -0.000541, 0.993604, 0.000000,
                                              5.364464, 0.000000, 0.000000, 1.000000;;
                                             }

                                             Frame MapRoot_Quadruped_Skeleton_BRFootBone3 {
                                                FrameTransformMatrix {
                                                 0.920799, -0.060769, -0.385271, 0.000000,
                                                 0.388053, 0.043283, 0.920620, 0.000000,
                                                 -0.039270, -0.997213, 0.063437, 0.000000,
                                                 5.988464, 0.000000, 0.000000, 1.000000;;
                                                }

                                             }
                                          }
                                       }
                                    }
                                 }
                              }
                           }
                        }
                     }
                     Frame MapRoot_Quadruped_Skeleton_root3 {
                        FrameTransformMatrix {
                         1.000000, 0.000000, 0.000000, 0.000000,
                         0.000000, 1.000000, 0.000000, 0.000000,
                         0.000000, 0.000000, 1.000000, 0.000000,
                         0.000000, 4.727328, -23.095888, 1.000000;;
                        }

                        Frame MapRoot_Quadruped_Skeleton_Tail1 {
                           FrameTransformMatrix {
                            -0.478169, -0.872347, -0.101808, 0.000000,
                            0.876903, -0.480667, 0.000003, 0.000000,
                            -0.048938, -0.089275, 0.994804, 0.000000,
                            0.000000, 0.000000, 0.000000, 1.000000;;
                           }

                           Frame MapRoot_Quadruped_Skeleton_Tail2 {
                              FrameTransformMatrix {
                               0.932919, 0.183229, -0.309982, 0.000000,
                               -0.192725, 0.981253, -0.000010, 0.000000,
                               0.304169, 0.059751, 0.950742, 0.000000,
                               13.125200, 0.000000, 0.000000, 1.000000;;
                              }

                              Frame MapRoot_Quadruped_Skeleton_Tail3 {
                                 FrameTransformMatrix {
                                  0.867799, -0.167444, 0.467854, 0.000000,
                                  0.189442, 0.981892, 0.000031, 0.000000,
                                  -0.459387, 0.088604, 0.883806, 0.000000,
                                  13.125199, 0.000000, 0.000000, 1.000000;;
                                 }

                                 Frame MapRoot_Quadruped_Skeleton_Tail4 {
                                    FrameTransformMatrix {
                                     0.847163, 0.222281, -0.482606, 0.000000,
                                     -0.253775, 0.967262, 0.000032, 0.000000,
                                     0.466813, 0.122446, 0.875838, 0.000000,
                                     13.125199, 0.000000, 0.000000, 1.000000;;
                                    }

                                    Frame MapRoot_Quadruped_Skeleton_Tail5 {
                                       FrameTransformMatrix {
                                        0.775816, -0.281378, 0.564745, 0.000000,
                                        0.340941, 0.940085, 0.000021, 0.000000,
                                        -0.530914, 0.192528, 0.825266, 0.000000,
                                        13.125200, 0.000000, 0.000000, 1.000000;;
                                       }

                                       Frame MapRoot_Quadruped_Skeleton_Tail6 {
                                          FrameTransformMatrix {
                                           0.956386, 0.165633, -0.240607, 0.000000,
                                           -0.171084, 0.985255, -0.001792, 0.000000,
                                           0.236762, 0.042878, 0.970621, 0.000000,
                                           13.125200, 0.000000, 0.000000, 1.000000;;
                                          }

                                       }
                                    }
                                 }
                              }
                           }
                        }
                     }
                  }
               }
            }
            Frame MapRoot_root {
               FrameTransformMatrix {
                -0.003350, -0.018112, -0.999830, 0.000000,
                -0.016131, 0.999707, -0.018055, 0.000000,
                0.999864, 0.016068, -0.003642, 0.000000,
                -1.745153, 148.769180, 96.402557, 1.000000;;
               }

               Frame MapRoot_bone {
